-0.000000
0.003161
-0.000983
-0.001574
-0.001019
-0.000846
-0.000721
-0.000627
-0.000560
-0.000498
-0.000450
-0.000412
-0.000380
-0.000353
-0.000330
-0.000310
-0.000293
-0.000278
-0.000266
-0.000257
-0.000249
-0.000244
-0.000240
-0.000238
-0.000238
-0.000240
-0.000244
-0.000249
-0.000257
-0.000266
-0.000278
-0.000293
-0.000310
-0.000330
-0.000353
-0.000380
-0.000412
-0.000450
-0.000498
-0.000560
-0.000627
-0.000721
-0.000846
-0.001019
-0.001574
-0.000983
0.003161
-0.000000
0.003161
0.082284
0.044286
0.021876
0.012357
0.008582
0.006461
0.005274
0.004538
0.004108
0.003834
0.003646
0.003522
0.003436
0.003379
0.003341
0.003316
0.003301
0.003290
0.003284
0.003280
0.003278
0.003277
0.003276
0.003276
0.003276
0.003277
0.003278
0.003280
0.003284
0.003290
0.003301
0.003316
0.003341
0.003379
0.003436
0.003522
0.003646
0.003834
0.004108
0.004538
0.005274
0.006461
0.008582
0.012357
0.021876
0.044286
0.082284
0.003161
-0.000974
0.044283
0.046414
0.032190
0.018105
0.011599
0.008268
0.006404
0.005242
0.004586
0.004163
0.003881
0.003697
0.003567
0.003481
0.003421
0.003381
0.003354
0.003336
0.003323
0.003315
0.003310
0.003307
0.003305
0.003305
0.003305
0.003305
0.003307
0.003310
0.003315
0.003323
0.003336
0.003354
0.003381
0.003421
0.003481
0.003567
0.003697
0.003881
0.004163
0.004586
0.005242
0.006404
0.008268
0.011599
0.018105
0.032190
0.046414
0.044283
-0.000974
-0.001588
0.021853
0.032170
0.032934
0.025027
0.016329
0.011164
0.008305
0.006448
0.005398
0.004733
0.004282
0.003997
0.003793
0.003657
0.003560
0.003494
0.003449
0.003416
0.003393
0.003377
0.003366
0.003359
0.003354
0.003352
0.003351
0.003352
0.003354
0.003359
0.003366
0.003377
0.003393
0.003416
0.003449
0.003494
0.003560
0.003657
0.003793
0.003997
0.004282
0.004733
0.005398
0.006448
0.008305
0.011164
0.016329
0.025027
0.032934
0.032170
0.021853
-0.001588
-0.001026
0.012307
0.018068
0.025004
0.025812
0.020870
0.015117
0.010945
0.008260
0.006624
0.005601
0.004891
0.004454
0.004135
0.003924
0.003770
0.003665
0.003591
0.003535
0.003496
0.003468
0.003448
0.003434
0.003424
0.003418
0.003415
0.003415
0.003418
0.003424
0.003434
0.003448
0.003468
0.003496
0.003535
0.003591
0.003665
0.003770
0.003924
0.004135
0.004454
0.004891
0.005601
0.006624
0.008260
0.010945
0.015117
0.020870
0.025812
0.025004
0.018068
0.012307
-0.001026
-0.000845
0.008531
0.011568
0.016310
0.020868
0.021313
0.018059
0.013767
0.010750
0.008291
0.006813
0.005745
0.005098
0.004614
0.004301
0.004064
0.003903
0.003788
0.003701
0.003637
0.003591
0.003558
0.003533
0.003516
0.003505
0.003499
0.003496
0.003499
0.003505
0.003516
0.003533
0.003558
0.003591
0.003637
0.003701
0.003788
0.003903
0.004064
0.004301
0.004614
0.005098
0.005745
0.006813
0.008291
0.010750
0.013767
0.018059
0.021313
0.020868
0.016310
0.011568
0.008531
-0.000845
-0.000715
0.006416
0.008241
0.011161
0.015137
0.018083
0.018205
0.015861
0.012906
0.010410
0.008365
0.006873
0.005952
0.005246
0.004802
0.004454
0.004217
0.004048
0.003918
0.003821
0.003751
0.003699
0.003660
0.003632
0.003613
0.003601
0.003595
0.003595
0.003601
0.003613
0.003632
0.003660
0.003699
0.003751
0.003821
0.003918
0.004048
0.004217
0.004454
0.004802
0.005246
0.005952
0.006873
0.008365
0.010410
0.012906
0.015861
0.018205
0.018083
0.015137
0.011161
0.008241
0.006416
-0.000715
-0.000618
0.005236
0.006386
0.008316
0.010982
0.013815
0.015904
0.015873
0.014193
0.012005
0.009857
0.008361
0.007015
0.006051
0.005438
0.004952
0.004617
0.004377
0.004192
0.004052
0.003950
0.003874
0.003816
0.003774
0.003743
0.003722
0.003711
0.003707
0.003711
0.003722
0.003743
0.003774
0.003816
0.003874
0.003950
0.004052
0.004192
0.004377
0.004617
0.004952
0.005438
0.006051
0.007015
0.008361
0.009857
0.012005
0.014193
0.015873
0.015904
0.013815
0.010982
0.008316
0.006386
0.005236
-0.000618
-0.000549
0.004506
0.005227
0.006463
0.008311
0.010833
0.012993
0.014255
0.014056
0.012778
0.011073
0.009498
0.008087
0.007097
0.006215
0.005560
0.005112
0.004782
0.004527
0.004334
0.004192
0.004085
0.004003
0.003942
0.003897
0.003865
0.003844
0.003835
0.003835
0.003844
0.003865
0.003897
0.003942
0.004003
0.004085
0.004192
0.004334
0.004527
0.004782
0.005112
0.005560
0.006215
0.007097
0.008087
0.009498
0.011073
0.012778
0.014056
0.014255
0.012993
0.010833
0.008311
0.006463
0.005227
0.004506
-0.000549
-0.000487
0.004081
0.004576
0.005418
0.006682
0.008387
0.010547
0.012127
0.012855
0.012574
0.011567
0.010282
0.009005
0.007923
0.006977
0.006280
0.005719
0.005275
0.004927
0.004670
0.004481
0.004335
0.004224
0.004139
0.004075
0.004028
0.003997
0.003979
0.003973
0.003979
0.003997
0.004028
0.004075
0.004139
0.004224
0.004335
0.004481
0.004670
0.004927
0.005275
0.005719
0.006280
0.006977
0.007923
0.009005
0.010282
0.011567
0.012574
0.012855
0.012127
0.010547
0.008387
0.006682
0.005418
0.004576
0.004081
-0.000487
-0.000440
0.003810
0.004157
0.004757
0.005665
0.006925
0.008515
0.010018
0.011216
0.011654
0.011350
0.010553
0.009550
0.008555
0.007651
0.006902
0.006280
0.005765
0.005368
0.005060
0.004816
0.004627
0.004480
0.004366
0.004280
0.004216
0.004170
0.004142
0.004128
0.004128
0.004142
0.004170
0.004216
0.004280
0.004366
0.004480
0.004627
0.004816
0.005060
0.005368
0.005765
0.006280
0.006902
0.007651
0.008555
0.009550
0.010553
0.011350
0.011654
0.011216
0.010018
0.008515
0.006925
0.005665
0.004757
0.004157
0.003810
-0.000440
-0.000406
0.003624
0.003874
0.004303
0.004953
0.005853
0.007034
0.008563
0.009695
0.010445
0.010645
0.010336
0.009693
0.008907
0.008113
0.007390
0.006762
0.006226
0.005788
0.005439
0.005156
0.004930
0.004751
0.004610
0.004501
0.004419
0.004359
0.004317
0.004294
0.004286
0.004294
0.004317
0.004359
0.004419
0.004501
0.004610
0.004751
0.004930
0.005156
0.005439
0.005788
0.006226
0.006762
0.007390
0.008113
0.008907
0.009693
0.010336
0.010645
0.010445
0.009695
0.008563
0.007034
0.005853
0.004953
0.004303
0.003874
0.003624
-0.000406
-0.000378
0.003499
0.003692
0.004020
0.004515
0.005206
0.006113
0.007234
0.008338
0.009234
0.009724
0.009786
0.009490
0.008966
0.008342
0.007711
0.007124
0.006603
0.006155
0.005782
0.005475
0.005222
0.005018
0.004854
0.004725
0.004624
0.004549
0.004495
0.004460
0.004444
0.004444
0.004460
0.004495
0.004549
0.004624
0.004725
0.004854
0.005018
0.005222
0.005475
0.005782
0.006155
0.006603
0.007124
0.007711
0.008342
0.008966
0.009490
0.009786
0.009724
0.009234
0.008338
0.007234
0.006113
0.005206
0.004515
0.004020
0.003692
0.003499
-0.000378
-0.000358
0.003411
0.003561
0.003817
0.004198
0.004725
0.005414
0.006275
0.007384
0.008199
0.008795
0.009083
0.009057
0.008783
0.008353
0.007854
0.007348
0.006871
0.006442
0.006070
0.005753
0.005487
0.005267
0.005086
0.004940
0.004824
0.004735
0.004668
0.004623
0.004596
0.004588
0.004596
0.004623
0.004668
0.004735
0.004824
0.004940
0.005086
0.005267
0.005487
0.005753
0.006070
0.006442
0.006871
0.007348
0.007854
0.008353
0.008783
0.009057
0.009083
0.008795
0.008199
0.007384
0.006275
0.005414
0.004725
0.004198
0.003817
0.003561
0.003411
-0.000358
-0.000343
0.003349
0.003472
0.003680
0.003988
0.004413
0.004972
0.005674
0.006503
0.007281
0.007943
0.008358
0.008514
0.008439
0.008190
0.007835
0.007433
0.007025
0.006638
0.006287
0.005977
0.005711
0.005484
0.005294
0.005137
0.005010
0.004909
0.004832
0.004776
0.004740
0.004722
0.004722
0.004740
0.004776
0.004832
0.004909
0.005010
0.005137
0.005294
0.005484
0.005711
0.005977
0.006287
0.006638
0.007025
0.007433
0.007835
0.008190
0.008439
0.008514
0.008358
0.007943
0.007281
0.006503
0.005674
0.004972
0.004413
0.003988
0.003680
0.003472
0.003349
-0.000343
-0.000333
0.003307
0.003409
0.003582
0.003834
0.004177
0.004620
0.005176
0.005854
0.006640
0.007246
0.007695
0.007953
0.008017
0.007915
0.007693
0.007398
0.007071
0.006741
0.006427
0.006139
0.005884
0.005661
0.005470
0.005308
0.005175
0.005066
0.004980
0.004916
0.004871
0.004845
0.004836
0.004845
0.004871
0.004916
0.004980
0.005066
0.005175
0.005308
0.005470
0.005661
0.005884
0.006139
0.006427
0.006741
0.007071
0.007398
0.007693
0.007915
0.008017
0.007953
0.007695
0.007246
0.006640
0.005854
0.005176
0.004620
0.004177
0.003834
0.003582
0.003409
0.003307
-0.000333
-0.000327
0.003278
0.003367
0.003517
0.003733
0.004025
0.004397
0.004857
0.005416
0.006096
0.006661
0.007119
0.007428
0.007580
0.007585
0.007471
0.007274
0.007029
0.006762
0.006494
0.006238
0.006003
0.005792
0.005607
0.005448
0.005313
0.005200
0.005110
0.005039
0.004987
0.004953
0.004937
0.004937
0.004953
0.004987
0.005039
0.005110
0.005200
0.005313
0.005448
0.005607
0.005792
0.006003
0.006238
0.006494
0.006762
0.007029
0.007274
0.007471
0.007585
0.007580
0.007428
0.007119
0.006661
0.006096
0.005416
0.004857
0.004397
0.004025
0.003733
0.003517
0.003367
0.003278
-0.000327
-0.000325
0.003261
0.003339
0.003472
0.003662
0.003915
0.004236
0.004631
0.005102
0.005651
0.006173
0.006630
0.006964
0.007167
0.007243
0.007211
0.007095
0.006922
0.006716
0.006497
0.006279
0.006070
0.005878
0.005705
0.005553
0.005421
0.005309
0.005216
0.005142
0.005085
0.005046
0.005022
0.005014
0.005022
0.005046
0.005085
0.005142
0.005216
0.005309
0.005421
0.005553
0.005705
0.005878
0.006070
0.006279
0.006497
0.006716
0.006922
0.007095
0.007211
0.007243
0.007167
0.006964
0.006630
0.006173
0.005651
0.005102
0.004631
0.004236
0.003915
0.003662
0.003472
0.003339
0.003261
-0.000325
-0.000326
0.003253
0.003324
0.003444
0.003614
0.003838
0.004118
0.004457
0.004857
0.005321
0.005832
0.006247
0.006575
0.006800
0.006920
0.006944
0.006889
0.006776
0.006625
0.006452
0.006271
0.006092
0.005923
0.005766
0.005624
0.005500
0.005391
0.005300
0.005225
0.005165
0.005121
0.005092
0.005077
0.005077
0.005092
0.005121
0.005165
0.005225
0.005300
0.005391
0.005500
0.005624
0.005766
0.005923
0.006092
0.006271
0.006452
0.006625
0.006776
0.006889
0.006944
0.006920
0.006800
0.006575
0.006247
0.005832
0.005321
0.004857
0.004457
0.004118
0.003838
0.003614
0.003444
0.003324
0.003253
-0.000326
-0.000331
0.003257
0.003322
0.003433
0.003591
0.003795
0.004048
0.004350
0.004703
0.005108
0.005559
0.005950
0.006262
0.006490
0.006632
0.006691
0.006680
0.006613
0.006506
0.006374
0.006228
0.006078
0.005932
0.005793
0.005665
0.005550
0.005448
0.005360
0.005286
0.005226
0.005180
0.005147
0.005127
0.005120
0.005127
0.005147
0.005180
0.005226
0.005286
0.005360
0.005448
0.005550
0.005665
0.005793
0.005932
0.006078
0.006228
0.006374
0.006506
0.006613
0.006680
0.006691
0.006632
0.006490
0.006262
0.005950
0.005559
0.005108
0.004703
0.004350
0.004048
0.003795
0.003591
0.003433
0.003322
0.003257
-0.000331
-0.000340
0.003271
0.003333
0.003439
0.003588
0.003780
0.004013
0.004288
0.004605
0.004966
0.005366
0.005720
0.006016
0.006239
0.006389
0.006467
0.006484
0.006450
0.006377
0.006278
0.006162
0.006039
0.005914
0.005794
0.005680
0.005576
0.005482
0.005399
0.005328
0.005269
0.005222
0.005187
0.005163
0.005152
0.005152
0.005163
0.005187
0.005222
0.005269
0.005328
0.005399
0.005482
0.005576
0.005680
0.005794
0.005914
0.006039
0.006162
0.006278
0.006377
0.006450
0.006484
0.006467
0.006389
0.006239
0.006016
0.005720
0.005366
0.004966
0.004605
0.004288
0.004013
0.003780
0.003588
0.003439
0.003333
0.003271
-0.000340
-0.000352
0.003298
0.003358
0.003462
0.003606
0.003789
0.004009
0.004265
0.004556
0.004882
0.005241
0.005562
0.005833
0.006045
0.006192
0.006279
0.006311
0.006298
0.006250
0.006175
0.006084
0.005983
0.005878
0.005774
0.005675
0.005581
0.005496
0.005420
0.005354
0.005297
0.005250
0.005214
0.005188
0.005172
0.005167
0.005172
0.005188
0.005214
0.005250
0.005297
0.005354
0.005420
0.005496
0.005581
0.005675
0.005774
0.005878
0.005983
0.006084
0.006175
0.006250
0.006298
0.006311
0.006279
0.006192
0.006045
0.005833
0.005562
0.005241
0.004882
0.004556
0.004265
0.004009
0.003789
0.003606
0.003462
0.003358
0.003298
-0.000352
-0.000369
0.003339
0.003398
0.003504
0.003648
0.003825
0.004036
0.004279
0.004551
0.004851
0.005177
0.005466
0.005712
0.005905
0.006044
0.006130
0.006168
0.006167
0.006134
0.006077
0.006004
0.005920
0.005832
0.005742
0.005655
0.005572
0.005496
0.005426
0.005364
0.005311
0.005266
0.005229
0.005202
0.005184
0.005175
0.005175
0.005184
0.005202
0.005229
0.005266
0.005311
0.005364
0.005426
0.005496
0.005572
0.005655
0.005742
0.005832
0.005920
0.006004
0.006077
0.006134
0.006167
0.006168
0.006130
0.006044
0.005905
0.005712
0.005466
0.005177
0.004851
0.004551
0.004279
0.004036
0.003825
0.003648
0.003504
0.003398
0.003339
-0.000369
-0.000390
0.003401
0.003461
0.003568
0.003717
0.003895
0.004099
0.004332
0.004590
0.004870
0.005171
0.005431
0.005649
0.005820
0.005944
0.006022
0.006059
0.006061
0.006036
0.005989
0.005928
0.005858
0.005782
0.005704
0.005627
0.005553
0.005484
0.005421
0.005364
0.005314
0.005271
0.005236
0.005208
0.005188
0.005176
0.005172
0.005176
0.005188
0.005208
0.005236
0.005271
0.005314
0.005364
0.005421
0.005484
0.005553
0.005627
0.005704
0.005782
0.005858
0.005928
0.005989
0.006036
0.006061
0.006059
0.006022
0.005944
0.005820
0.005649
0.005431
0.005171
0.004870
0.004590
0.004332
0.004099
0.003895
0.003717
0.003568
0.003461
0.003401
-0.000390
-0.000418
0.003490
0.003550
0.003664
0.003815
0.004001
0.004208
0.004430
0.004676
0.004941
0.005221
0.005453
0.005643
0.005789
0.005892
0.005955
0.005984
0.005983
0.005959
0.005917
0.005863
0.005801
0.005733
0.005664
0.005596
0.005529
0.005467
0.005409
0.005356
0.005309
0.005269
0.005234
0.005207
0.005186
0.005171
0.005164
0.005164
0.005171
0.005186
0.005207
0.005234
0.005269
0.005309
0.005356
0.005409
0.005467
0.005529
0.005596
0.005664
0.005733
0.005801
0.005863
0.005917
0.005959
0.005983
0.005984
0.005955
0.005892
0.005789
0.005643
0.005453
0.005221
0.004941
0.004676
0.004430
0.004208
0.004001
0.003815
0.003664
0.003550
0.003490
-0.000418
-0.000452
0.003618
0.003681
0.003801
0.003965
0.004150
0.004366
0.004590
0.004820
0.005071
0.005333
0.005536
0.005694
0.005810
0.005887
0.005931
0.005945
0.005935
0.005907
0.005864
0.005812
0.005753
0.005691
0.005628
0.005565
0.005504
0.005446
0.005392
0.005343
0.005300
0.005261
0.005228
0.005201
0.005179
0.005164
0.005154
0.005151
0.005154
0.005164
0.005179
0.005201
0.005228
0.005261
0.005300
0.005343
0.005392
0.005446
0.005504
0.005565
0.005628
0.005691
0.005753
0.005812
0.005864
0.005907
0.005935
0.005945
0.005931
0.005887
0.005810
0.005694
0.005536
0.005333
0.005071
0.004820
0.004590
0.004366
0.004150
0.003965
0.003801
0.003681
0.003618
-0.000452
-0.000497
0.003809
0.003866
0.004003
0.004175
0.004380
0.004583
0.004817
0.005047
0.005271
0.005513
0.005683
0.005804
0.005885
0.005931
0.005948
0.005942
0.005918
0.005880
0.005832
0.005777
0.005719
0.005658
0.005597
0.005537
0.005480
0.005425
0.005375
0.005329
0.005287
0.005250
0.005218
0.005191
0.005170
0.005153
0.005142
0.005137
0.005137
0.005142
0.005153
0.005170
0.005191
0.005218
0.005250
0.005287
0.005329
0.005375
0.005425
0.005480
0.005537
0.005597
0.005658
0.005719
0.005777
0.005832
0.005880
0.005918
0.005942
0.005948
0.005931
0.005885
0.005804
0.005683
0.005513
0.005271
0.005047
0.004817
0.004583
0.004380
0.004175
0.004003
0.003866
0.003809
-0.000497
-0.000556
0.004082
0.004154
0.004290
0.004490
0.004693
0.004924
0.005125
0.005362
0.005579
0.005777
0.005903
0.005978
0.006015
0.006023
0.006009
0.005977
0.005932
0.005880
0.005822
0.005760
0.005698
0.005636
0.005575
0.005516
0.005460
0.005408
0.005359
0.005315
0.005274
0.005239
0.005208
0.005181
0.005159
0.005142
0.005130
0.005122
0.005120
0.005122
0.005130
0.005142
0.005159
0.005181
0.005208
0.005239
0.005274
0.005315
0.005359
0.005408
0.005460
0.005516
0.005575
0.005636
0.005698
0.005760
0.005822
0.005880
0.005932
0.005977
0.006009
0.006023
0.006015
0.005978
0.005903
0.005777
0.005579
0.005362
0.005125
0.004924
0.004693
0.004490
0.004290
0.004154
0.004082
-0.000556
-0.000624
0.004508
0.004574
0.004752
0.004932
0.005171
0.005373
0.005610
0.005786
0.006018
0.006119
0.006197
0.006218
0.006203
0.006165
0.006111
0.006047
0.005978
0.005906
0.005833
0.005762
0.005693
0.005626
0.005563
0.005503
0.005447
0.005394
0.005346
0.005303
0.005263
0.005228
0.005197
0.005171
0.005149
0.005131
0.005118
0.005109
0.005104
0.005104
0.005109
0.005118
0.005131
0.005149
0.005171
0.005197
0.005228
0.005263
0.005303
0.005346
0.005394
0.005447
0.005503
0.005563
0.005626
0.005693
0.005762
0.005833
0.005906
0.005978
0.006047
0.006111
0.006165
0.006203
0.006218
0.006197
0.006119
0.006018
0.005786
0.005610
0.005373
0.005171
0.004932
0.004752
0.004574
0.004508
-0.000624
-0.000719
0.005231
0.005225
0.005410
0.005657
0.005825
0.006066
0.006226
0.006428
0.006579
0.006590
0.006577
0.006528
0.006450
0.006356
0.006255
0.006153
0.006053
0.005957
0.005867
0.005782
0.005703
0.005629
0.005561
0.005498
0.005440
0.005387
0.005338
0.005294
0.005255
0.005220
0.005189
0.005162
0.005139
0.005121
0.005107
0.005096
0.005090
0.005088
0.005090
0.005096
0.005107
0.005121
0.005139
0.005162
0.005189
0.005220
0.005255
0.005294
0.005338
0.005387
0.005440
0.005498
0.005561
0.005629
0.005703
0.005782
0.005867
0.005957
0.006053
0.006153
0.006255
0.006356
0.006450
0.006528
0.006577
0.006590
0.006579
0.006428
0.006226
0.006066
0.005825
0.005657
0.005410
0.005225
0.005231
-0.000719
-0.000848
0.006395
0.006376
0.006458
0.006666
0.006911
0.006999
0.007174
0.007318
0.007233
0.007190
0.007063
0.006917
0.006759
0.006598
0.006441
0.006294
0.006158
0.006034
0.005921
0.005820
0.005728
0.005646
0.005571
0.005503
0.005442
0.005386
0.005336
0.005291
0.005250
0.005215
0.005183
0.005156
0.005132
0.005113
0.005098
0.005086
0.005078
0.005075
0.005075
0.005078
0.005086
0.005098
0.005113
0.005132
0.005156
0.005183
0.005215
0.005250
0.005291
0.005336
0.005386
0.005442
0.005503
0.005571
0.005646
0.005728
0.005820
0.005921
0.006034
0.006158
0.006294
0.006441
0.006598
0.006759
0.006917
0.007063
0.007190
0.007233
0.007318
0.007174
0.006999
0.006911
0.006666
0.006458
0.006376
0.006395
-0.000848
-0.001027
0.008496
0.008220
0.008309
0.008313
0.008374
0.008491
0.008531
0.008319
0.008151
0.007903
0.007652
0.007386
0.007129
0.006887
0.006666
0.006467
0.006290
0.006133
0.005996
0.005875
0.005768
0.005675
0.005591
0.005517
0.005451
0.005392
0.005340
0.005293
0.005251
0.005214
0.005181
0.005153
0.005128
0.005108
0.005091
0.005079
0.005069
0.005064
0.005062
0.005064
0.005069
0.005079
0.005091
0.005108
0.005128
0.005153
0.005181
0.005214
0.005251
0.005293
0.005340
0.005392
0.005451
0.005517
0.005591
0.005675
0.005768
0.005875
0.005996
0.006133
0.006290
0.006467
0.006666
0.006887
0.007129
0.007386
0.007652
0.007903
0.008151
0.008319
0.008531
0.008491
0.008374
0.008313
0.008309
0.008220
0.008496
-0.001027
-0.001587
0.012259
0.011549
0.011162
0.010992
0.010850
0.010580
0.010009
0.009679
0.009224
0.008774
0.008334
0.007926
0.007552
0.007218
0.006924
0.006667
0.006445
0.006253
0.006087
0.005945
0.005822
0.005715
0.005622
0.005541
0.005469
0.005406
0.005350
0.005300
0.005256
0.005217
0.005183
0.005153
0.005128
0.005106
0.005088
0.005074
0.005063
0.005057
0.005053
0.005053
0.005057
0.005063
0.005074
0.005088
0.005106
0.005128
0.005153
0.005183
0.005217
0.005256
0.005300
0.005350
0.005406
0.005469
0.005541
0.005622
0.005715
0.005822
0.005945
0.006087
0.006253
0.006445
0.006667
0.006924
0.007218
0.007552
0.007926
0.008334
0.008774
0.009224
0.009679
0.010009
0.010580
0.010850
0.010992
0.011162
0.011549
0.012259
-0.001587
-0.001026
0.021750
0.018034
0.016322
0.015182
0.013865
0.013026
0.012166
0.011239
0.010463
0.009738
0.009087
0.008512
0.008010
0.007577
0.007204
0.006887
0.006616
0.006387
0.006193
0.006028
0.005887
0.005766
0.005663
0.005573
0.005495
0.005427
0.005367
0.005314
0.005267
0.005226
0.005190
0.005158
0.005131
0.005108
0.005088
0.005073
0.005061
0.005052
0.005047
0.005046
0.005047
0.005052
0.005061
0.005073
0.005088
0.005108
0.005131
0.005158
0.005190
0.005226
0.005267
0.005314
0.005367
0.005427
0.005495
0.005573
0.005663
0.005766
0.005887
0.006028
0.006193
0.006387
0.006616
0.006887
0.007204
0.007577
0.008010
0.008512
0.009087
0.009738
0.010463
0.011239
0.012166
0.013026
0.013865
0.015182
0.016322
0.018034
0.021750
-0.001026
0.003200
0.044258
0.032162
0.025027
0.020920
0.018158
0.015985
0.014329
0.012927
0.011719
0.010703
0.009833
0.009093
0.008465
0.007935
0.007488
0.007111
0.006795
0.006530
0.006307
0.006119
0.005961
0.005826
0.005712
0.005613
0.005528
0.005454
0.005390
0.005333
0.005283
0.005240
0.005201
0.005168
0.005138
0.005114
0.005093
0.005075
0.005062
0.005052
0.005045
0.005042
0.005042
0.005045
0.005052
0.005062
0.005075
0.005093
0.005114
0.005138
0.005168
0.005201
0.005240
0.005283
0.005333
0.005390
0.005454
0.005528
0.005613
0.005712
0.005826
0.005961
0.006119
0.006307
0.006530
0.006795
0.007111
0.007488
0.007935
0.008465
0.009093
0.009833
0.010703
0.011719
0.012927
0.014329
0.015985
0.018158
0.020920
0.025027
0.032162
0.044258
0.003200
-0.000000
0.082178
0.046477
0.032992
0.025879
0.021403
0.018312
0.015986
0.014172
0.012690
0.011460
0.010435
0.009575
0.008855
0.008251
0.007745
0.007321
0.006967
0.006671
0.006423
0.006215
0.006040
0.005892
0.005767
0.005660
0.005568
0.005488
0.005419
0.005358
0.005305
0.005259
0.005218
0.005182
0.005151
0.005124
0.005101
0.005082
0.005067
0.005055
0.005046
0.005041
0.005040
0.005041
0.005046
0.005055
0.005067
0.005082
0.005101
0.005124
0.005151
0.005182
0.005218
0.005259
0.005305
0.005358
0.005419
0.005488
0.005568
0.005660
0.005767
0.005892
0.006040
0.006215
0.006423
0.006671
0.006967
0.007321
0.007745
0.008251
0.008855
0.009575
0.010435
0.011460
0.012690
0.014172
0.015986
0.018312
0.021403
0.025879
0.032992
0.046477
0.082178
-0.000000
0.202151
0.044258
0.032162
0.025027
0.020920
0.018158
0.015985
0.014329
0.012927
0.011719
0.010703
0.009833
0.009093
0.008465
0.007935
0.007488
0.007111
0.006795
0.006530
0.006307
0.006119
0.005961
0.005826
0.005712
0.005613
0.005528
0.005454
0.005390
0.005333
0.005283
0.005240
0.005201
0.005168
0.005138
0.005114
0.005093
0.005075
0.005062
0.005052
0.005045
0.005042
0.005042
0.005045
0.005052
0.005062
0.005075
0.005093
0.005114
0.005138
0.005168
0.005201
0.005240
0.005283
0.005333
0.005390
0.005454
0.005528
0.005613
0.005712
0.005826
0.005961
0.006119
0.006307
0.006530
0.006795
0.007111
0.007488
0.007935
0.008465
0.009093
0.009833
0.010703
0.011719
0.012927
0.014329
0.015985
0.018158
0.020920
0.025027
0.032162
0.044258
0.202151
0.095186
0.021750
0.018034
0.016322
0.015182
0.013865
0.013026
0.012166
0.011239
0.010463
0.009738
0.009087
0.008512
0.008010
0.007577
0.007204
0.006887
0.006616
0.006387
0.006193
0.006028
0.005887
0.005766
0.005663
0.005573
0.005495
0.005427
0.005367
0.005314
0.005267
0.005226
0.005190
0.005158
0.005131
0.005108
0.005088
0.005073
0.005061
0.005052
0.005047
0.005046
0.005047
0.005052
0.005061
0.005073
0.005088
0.005108
0.005131
0.005158
0.005190
0.005226
0.005267
0.005314
0.005367
0.005427
0.005495
0.005573
0.005663
0.005766
0.005887
0.006028
0.006193
0.006387
0.006616
0.006887
0.007204
0.007577
0.008010
0.008512
0.009087
0.009738
0.010463
0.011239
0.012166
0.013026
0.013865
0.015182
0.016322
0.018034
0.021750
0.095186
-0.042900
0.012259
0.011549
0.011162
0.010992
0.010850
0.010580
0.010009
0.009679
0.009224
0.008774
0.008334
0.007926
0.007552
0.007218
0.006924
0.006667
0.006445
0.006253
0.006087
0.005945
0.005822
0.005715
0.005622
0.005541
0.005469
0.005406
0.005350
0.005300
0.005256
0.005217
0.005183
0.005153
0.005128
0.005106
0.005088
0.005074
0.005063
0.005057
0.005053
0.005053
0.005057
0.005063
0.005074
0.005088
0.005106
0.005128
0.005153
0.005183
0.005217
0.005256
0.005300
0.005350
0.005406
0.005469
0.005541
0.005622
0.005715
0.005822
0.005945
0.006087
0.006253
0.006445
0.006667
0.006924
0.007218
0.007552
0.007926
0.008334
0.008774
0.009224
0.009679
0.010009
0.010580
0.010850
0.010992
0.011162
0.011549
0.012259
-0.042900
-0.051164
0.008496
0.008220
0.008309
0.008313
0.008374
0.008491
0.008531
0.008319
0.008151
0.007903
0.007652
0.007386
0.007129
0.006887
0.006666
0.006467
0.006290
0.006133
0.005996
0.005875
0.005768
0.005675
0.005591
0.005517
0.005451
0.005392
0.005340
0.005293
0.005251
0.005214
0.005181
0.005153
0.005128
0.005108
0.005091
0.005079
0.005069
0.005064
0.005062
0.005064
0.005069
0.005079
0.005091
0.005108
0.005128
0.005153
0.005181
0.005214
0.005251
0.005293
0.005340
0.005392
0.005451
0.005517
0.005591
0.005675
0.005768
0.005875
0.005996
0.006133
0.006290
0.006467
0.006666
0.006887
0.007129
0.007386
0.007652
0.007903
0.008151
0.008319
0.008531
0.008491
0.008374
0.008313
0.008309
0.008220
0.008496
-0.051164
-0.058791
0.006395
0.006376
0.006458
0.006666
0.006911
0.006999
0.007174
0.007318
0.007233
0.007190
0.007063
0.006917
0.006759
0.006598
0.006441
0.006294
0.006158
0.006034
0.005921
0.005820
0.005728
0.005646
0.005571
0.005503
0.005442
0.005386
0.005336
0.005291
0.005250
0.005215
0.005183
0.005156
0.005132
0.005113
0.005098
0.005086
0.005078
0.005075
0.005075
0.005078
0.005086
0.005098
0.005113
0.005132
0.005156
0.005183
0.005215
0.005250
0.005291
0.005336
0.005386
0.005442
0.005503
0.005571
0.005646
0.005728
0.005820
0.005921
0.006034
0.006158
0.006294
0.006441
0.006598
0.006759
0.006917
0.007063
0.007190
0.007233
0.007318
0.007174
0.006999
0.006911
0.006666
0.006458
0.006376
0.006395
-0.058791
-0.062932
0.005231
0.005225
0.005410
0.005657
0.005825
0.006066
0.006226
0.006428
0.006579
0.006590
0.006577
0.006528
0.006450
0.006356
0.006255
0.006153
0.006053
0.005957
0.005867
0.005782
0.005703
0.005629
0.005561
0.005498
0.005440
0.005387
0.005338
0.005294
0.005255
0.005220
0.005189
0.005162
0.005139
0.005121
0.005107
0.005096
0.005090
0.005088
0.005090
0.005096
0.005107
0.005121
0.005139
0.005162
0.005189
0.005220
0.005255
0.005294
0.005338
0.005387
0.005440
0.005498
0.005561
0.005629
0.005703
0.005782
0.005867
0.005957
0.006053
0.006153
0.006255
0.006356
0.006450
0.006528
0.006577
0.006590
0.006579
0.006428
0.006226
0.006066
0.005825
0.005657
0.005410
0.005225
0.005231
-0.062932
-0.065756
0.004508
0.004574
0.004752
0.004932
0.005171
0.005373
0.005610
0.005786
0.006018
0.006119
0.006197
0.006218
0.006203
0.006165
0.006111
0.006047
0.005978
0.005906
0.005833
0.005762
0.005693
0.005626
0.005563
0.005503
0.005447
0.005394
0.005346
0.005303
0.005263
0.005228
0.005197
0.005171
0.005149
0.005131
0.005118
0.005109
0.005104
0.005104
0.005109
0.005118
0.005131
0.005149
0.005171
0.005197
0.005228
0.005263
0.005303
0.005346
0.005394
0.005447
0.005503
0.005563
0.005626
0.005693
0.005762
0.005833
0.005906
0.005978
0.006047
0.006111
0.006165
0.006203
0.006218
0.006197
0.006119
0.006018
0.005786
0.005610
0.005373
0.005171
0.004932
0.004752
0.004574
0.004508
-0.065756
-0.067559
0.004082
0.004154
0.004290
0.004490
0.004693
0.004924
0.005125
0.005362
0.005579
0.005777
0.005903
0.005978
0.006015
0.006023
0.006009
0.005977
0.005932
0.005880
0.005822
0.005760
0.005698
0.005636
0.005575
0.005516
0.005460
0.005408
0.005359
0.005315
0.005274
0.005239
0.005208
0.005181
0.005159
0.005142
0.005130
0.005122
0.005120
0.005122
0.005130
0.005142
0.005159
0.005181
0.005208
0.005239
0.005274
0.005315
0.005359
0.005408
0.005460
0.005516
0.005575
0.005636
0.005698
0.005760
0.005822
0.005880
0.005932
0.005977
0.006009
0.006023
0.006015
0.005978
0.005903
0.005777
0.005579
0.005362
0.005125
0.004924
0.004693
0.004490
0.004290
0.004154
0.004082
-0.067559
-0.069123
0.003809
0.003866
0.004003
0.004175
0.004380
0.004583
0.004817
0.005047
0.005271
0.005513
0.005683
0.005804
0.005885
0.005931
0.005948
0.005942
0.005918
0.005880
0.005832
0.005777
0.005719
0.005658
0.005597
0.005537
0.005480
0.005425
0.005375
0.005329
0.005287
0.005250
0.005218
0.005191
0.005170
0.005153
0.005142
0.005137
0.005137
0.005142
0.005153
0.005170
0.005191
0.005218
0.005250
0.005287
0.005329
0.005375
0.005425
0.005480
0.005537
0.005597
0.005658
0.005719
0.005777
0.005832
0.005880
0.005918
0.005942
0.005948
0.005931
0.005885
0.005804
0.005683
0.005513
0.005271
0.005047
0.004817
0.004583
0.004380
0.004175
0.004003
0.003866
0.003809
-0.069123
-0.070460
0.003618
0.003681
0.003801
0.003965
0.004150
0.004366
0.004590
0.004820
0.005071
0.005333
0.005536
0.005694
0.005810
0.005887
0.005931
0.005945
0.005935
0.005907
0.005864
0.005812
0.005753
0.005691
0.005628
0.005565
0.005504
0.005446
0.005392
0.005343
0.005300
0.005261
0.005228
0.005201
0.005179
0.005164
0.005154
0.005151
0.005154
0.005164
0.005179
0.005201
0.005228
0.005261
0.005300
0.005343
0.005392
0.005446
0.005504
0.005565
0.005628
0.005691
0.005753
0.005812
0.005864
0.005907
0.005935
0.005945
0.005931
0.005887
0.005810
0.005694
0.005536
0.005333
0.005071
0.004820
0.004590
0.004366
0.004150
0.003965
0.003801
0.003681
0.003618
-0.070460
-0.071555
0.003490
0.003550
0.003664
0.003815
0.004001
0.004208
0.004430
0.004676
0.004941
0.005221
0.005453
0.005643
0.005789
0.005892
0.005955
0.005984
0.005983
0.005959
0.005917
0.005863
0.005801
0.005733
0.005664
0.005596
0.005529
0.005467
0.005409
0.005356
0.005309
0.005269
0.005234
0.005207
0.005186
0.005171
0.005164
0.005164
0.005171
0.005186
0.005207
0.005234
0.005269
0.005309
0.005356
0.005409
0.005467
0.005529
0.005596
0.005664
0.005733
0.005801
0.005863
0.005917
0.005959
0.005983
0.005984
0.005955
0.005892
0.005789
0.005643
0.005453
0.005221
0.004941
0.004676
0.004430
0.004208
0.004001
0.003815
0.003664
0.003550
0.003490
-0.071555
-0.072591
0.003401
0.003461
0.003568
0.003717
0.003895
0.004099
0.004332
0.004590
0.004870
0.005171
0.005431
0.005649
0.005820
0.005944
0.006022
0.006059
0.006061
0.006036
0.005989
0.005928
0.005858
0.005782
0.005704
0.005627
0.005553
0.005484
0.005421
0.005364
0.005314
0.005271
0.005236
0.005208
0.005188
0.005176
0.005172
0.005176
0.005188
0.005208
0.005236
0.005271
0.005314
0.005364
0.005421
0.005484
0.005553
0.005627
0.005704
0.005782
0.005858
0.005928
0.005989
0.006036
0.006061
0.006059
0.006022
0.005944
0.005820
0.005649
0.005431
0.005171
0.004870
0.004590
0.004332
0.004099
0.003895
0.003717
0.003568
0.003461
0.003401
-0.072591
-0.073523
0.003339
0.003398
0.003504
0.003648
0.003825
0.004036
0.004279
0.004551
0.004851
0.005177
0.005466
0.005712
0.005905
0.006044
0.006130
0.006168
0.006167
0.006134
0.006077
0.006004
0.005920
0.005832
0.005742
0.005655
0.005572
0.005496
0.005426
0.005364
0.005311
0.005266
0.005229
0.005202
0.005184
0.005175
0.005175
0.005184
0.005202
0.005229
0.005266
0.005311
0.005364
0.005426
0.005496
0.005572
0.005655
0.005742
0.005832
0.005920
0.006004
0.006077
0.006134
0.006167
0.006168
0.006130
0.006044
0.005905
0.005712
0.005466
0.005177
0.004851
0.004551
0.004279
0.004036
0.003825
0.003648
0.003504
0.003398
0.003339
-0.073523
-0.074384
0.003298
0.003358
0.003462
0.003606
0.003789
0.004009
0.004265
0.004556
0.004882
0.005241
0.005562
0.005833
0.006045
0.006192
0.006279
0.006311
0.006298
0.006250
0.006175
0.006084
0.005983
0.005878
0.005774
0.005675
0.005581
0.005496
0.005420
0.005354
0.005297
0.005250
0.005214
0.005188
0.005172
0.005167
0.005172
0.005188
0.005214
0.005250
0.005297
0.005354
0.005420
0.005496
0.005581
0.005675
0.005774
0.005878
0.005983
0.006084
0.006175
0.006250
0.006298
0.006311
0.006279
0.006192
0.006045
0.005833
0.005562
0.005241
0.004882
0.004556
0.004265
0.004009
0.003789
0.003606
0.003462
0.003358
0.003298
-0.074384
-0.075182
0.003271
0.003333
0.003439
0.003588
0.003780
0.004013
0.004288
0.004605
0.004966
0.005366
0.005720
0.006016
0.006239
0.006389
0.006467
0.006484
0.006450
0.006377
0.006278
0.006162
0.006039
0.005914
0.005794
0.005680
0.005576
0.005482
0.005399
0.005328
0.005269
0.005222
0.005187
0.005163
0.005152
0.005152
0.005163
0.005187
0.005222
0.005269
0.005328
0.005399
0.005482
0.005576
0.005680
0.005794
0.005914
0.006039
0.006162
0.006278
0.006377
0.006450
0.006484
0.006467
0.006389
0.006239
0.006016
0.005720
0.005366
0.004966
0.004605
0.004288
0.004013
0.003780
0.003588
0.003439
0.003333
0.003271
-0.075182
-0.075943
0.003257
0.003322
0.003433
0.003591
0.003795
0.004048
0.004350
0.004703
0.005108
0.005559
0.005950
0.006262
0.006490
0.006632
0.006691
0.006680
0.006613
0.006506
0.006374
0.006228
0.006078
0.005932
0.005793
0.005665
0.005550
0.005448
0.005360
0.005286
0.005226
0.005180
0.005147
0.005127
0.005120
0.005127
0.005147
0.005180
0.005226
0.005286
0.005360
0.005448
0.005550
0.005665
0.005793
0.005932
0.006078
0.006228
0.006374
0.006506
0.006613
0.006680
0.006691
0.006632
0.006490
0.006262
0.005950
0.005559
0.005108
0.004703
0.004350
0.004048
0.003795
0.003591
0.003433
0.003322
0.003257
-0.075943
-0.076656
0.003253
0.003324
0.003444
0.003614
0.003838
0.004118
0.004457
0.004857
0.005321
0.005832
0.006247
0.006575
0.006800
0.006920
0.006944
0.006889
0.006776
0.006625
0.006452
0.006271
0.006092
0.005923
0.005766
0.005624
0.005500
0.005391
0.005300
0.005225
0.005165
0.005121
0.005092
0.005077
0.005077
0.005092
0.005121
0.005165
0.005225
0.005300
0.005391
0.005500
0.005624
0.005766
0.005923
0.006092
0.006271
0.006452
0.006625
0.006776
0.006889
0.006944
0.006920
0.006800
0.006575
0.006247
0.005832
0.005321
0.004857
0.004457
0.004118
0.003838
0.003614
0.003444
0.003324
0.003253
-0.076656
-0.077334
0.003261
0.003339
0.003472
0.003662
0.003915
0.004236
0.004631
0.005102
0.005651
0.006173
0.006630
0.006964
0.007167
0.007243
0.007211
0.007095
0.006922
0.006716
0.006497
0.006279
0.006070
0.005878
0.005705
0.005553
0.005421
0.005309
0.005216
0.005142
0.005085
0.005046
0.005022
0.005014
0.005022
0.005046
0.005085
0.005142
0.005216
0.005309
0.005421
0.005553
0.005705
0.005878
0.006070
0.006279
0.006497
0.006716
0.006922
0.007095
0.007211
0.007243
0.007167
0.006964
0.006630
0.006173
0.005651
0.005102
0.004631
0.004236
0.003915
0.003662
0.003472
0.003339
0.003261
-0.077334
-0.078006
0.003278
0.003367
0.003517
0.003733
0.004025
0.004397
0.004857
0.005416
0.006096
0.006661
0.007119
0.007428
0.007580
0.007585
0.007471
0.007274
0.007029
0.006762
0.006494
0.006238
0.006003
0.005792
0.005607
0.005448
0.005313
0.005200
0.005110
0.005039
0.004987
0.004953
0.004937
0.004937
0.004953
0.004987
0.005039
0.005110
0.005200
0.005313
0.005448
0.005607
0.005792
0.006003
0.006238
0.006494
0.006762
0.007029
0.007274
0.007471
0.007585
0.007580
0.007428
0.007119
0.006661
0.006096
0.005416
0.004857
0.004397
0.004025
0.003733
0.003517
0.003367
0.003278
-0.078006
-0.078670
0.003307
0.003409
0.003582
0.003834
0.004177
0.004620
0.005176
0.005854
0.006640
0.007246
0.007695
0.007953
0.008017
0.007915
0.007693
0.007398
0.007071
0.006741
0.006427
0.006139
0.005884
0.005661
0.005470
0.005308
0.005175
0.005066
0.004980
0.004916
0.004871
0.004845
0.004836
0.004845
0.004871
0.004916
0.004980
0.005066
0.005175
0.005308
0.005470
0.005661
0.005884
0.006139
0.006427
0.006741
0.007071
0.007398
0.007693
0.007915
0.008017
0.007953
0.007695
0.007246
0.006640
0.005854
0.005176
0.004620
0.004177
0.003834
0.003582
0.003409
0.003307
-0.078670
-0.079312
0.003349
0.003472
0.003680
0.003988
0.004413
0.004972
0.005674
0.006503
0.007281
0.007943
0.008358
0.008514
0.008439
0.008190
0.007835
0.007433
0.007025
0.006638
0.006287
0.005977
0.005711
0.005484
0.005294
0.005137
0.005010
0.004909
0.004832
0.004776
0.004740
0.004722
0.004722
0.004740
0.004776
0.004832
0.004909
0.005010
0.005137
0.005294
0.005484
0.005711
0.005977
0.006287
0.006638
0.007025
0.007433
0.007835
0.008190
0.008439
0.008514
0.008358
0.007943
0.007281
0.006503
0.005674
0.004972
0.004413
0.003988
0.003680
0.003472
0.003349
-0.079312
-0.079977
0.003411
0.003561
0.003817
0.004198
0.004725
0.005414
0.006275
0.007384
0.008199
0.008795
0.009083
0.009057
0.008783
0.008353
0.007854
0.007348
0.006871
0.006442
0.006070
0.005753
0.005487
0.005267
0.005086
0.004940
0.004824
0.004735
0.004668
0.004623
0.004596
0.004588
0.004596
0.004623
0.004668
0.004735
0.004824
0.004940
0.005086
0.005267
0.005487
0.005753
0.006070
0.006442
0.006871
0.007348
0.007854
0.008353
0.008783
0.009057
0.009083
0.008795
0.008199
0.007384
0.006275
0.005414
0.004725
0.004198
0.003817
0.003561
0.003411
-0.079977
-0.080684
0.003499
0.003692
0.004020
0.004515
0.005206
0.006113
0.007234
0.008338
0.009234
0.009724
0.009786
0.009490
0.008966
0.008342
0.007711
0.007124
0.006603
0.006155
0.005782
0.005475
0.005222
0.005018
0.004854
0.004725
0.004624
0.004549
0.004495
0.004460
0.004444
0.004444
0.004460
0.004495
0.004549
0.004624
0.004725
0.004854
0.005018
0.005222
0.005475
0.005782
0.006155
0.006603
0.007124
0.007711
0.008342
0.008966
0.009490
0.009786
0.009724
0.009234
0.008338
0.007234
0.006113
0.005206
0.004515
0.004020
0.003692
0.003499
-0.080684
-0.081513
0.003624
0.003874
0.004303
0.004953
0.005853
0.007034
0.008563
0.009695
0.010445
0.010645
0.010336
0.009693
0.008907
0.008113
0.007390
0.006762
0.006226
0.005788
0.005439
0.005156
0.004930
0.004751
0.004610
0.004501
0.004419
0.004359
0.004317
0.004294
0.004286
0.004294
0.004317
0.004359
0.004419
0.004501
0.004610
0.004751
0.004930
0.005156
0.005439
0.005788
0.006226
0.006762
0.007390
0.008113
0.008907
0.009693
0.010336
0.010645
0.010445
0.009695
0.008563
0.007034
0.005853
0.004953
0.004303
0.003874
0.003624
-0.081513
-0.082473
0.003810
0.004157
0.004757
0.005665
0.006925
0.008515
0.010018
0.011216
0.011654
0.011350
0.010553
0.009550
0.008555
0.007651
0.006902
0.006280
0.005765
0.005368
0.005060
0.004816
0.004627
0.004480
0.004366
0.004280
0.004216
0.004170
0.004142
0.004128
0.004128
0.004142
0.004170
0.004216
0.004280
0.004366
0.004480
0.004627
0.004816
0.005060
0.005368
0.005765
0.006280
0.006902
0.007651
0.008555
0.009550
0.010553
0.011350
0.011654
0.011216
0.010018
0.008515
0.006925
0.005665
0.004757
0.004157
0.003810
-0.082473
-0.083777
0.004081
0.004576
0.005418
0.006682
0.008387
0.010547
0.012127
0.012855
0.012574
0.011567
0.010282
0.009005
0.007923
0.006977
0.006280
0.005719
0.005275
0.004927
0.004670
0.004481
0.004335
0.004224
0.004139
0.004075
0.004028
0.003997
0.003979
0.003973
0.003979
0.003997
0.004028
0.004075
0.004139
0.004224
0.004335
0.004481
0.004670
0.004927
0.005275
0.005719
0.006280
0.006977
0.007923
0.009005
0.010282
0.011567
0.012574
0.012855
0.012127
0.010547
0.008387
0.006682
0.005418
0.004576
0.004081
-0.083777
-0.085525
0.004506
0.005227
0.006463
0.008311
0.010833
0.012993
0.014255
0.014056
0.012778
0.011073
0.009498
0.008087
0.007097
0.006215
0.005560
0.005112
0.004782
0.004527
0.004334
0.004192
0.004085
0.004003
0.003942
0.003897
0.003865
0.003844
0.003835
0.003835
0.003844
0.003865
0.003897
0.003942
0.004003
0.004085
0.004192
0.004334
0.004527
0.004782
0.005112
0.005560
0.006215
0.007097
0.008087
0.009498
0.011073
0.012778
0.014056
0.014255
0.012993
0.010833
0.008311
0.006463
0.005227
0.004506
-0.085525
-0.087945
0.005236
0.006386
0.008316
0.010982
0.013815
0.015904
0.015873
0.014193
0.012005
0.009857
0.008361
0.007015
0.006051
0.005438
0.004952
0.004617
0.004377
0.004192
0.004052
0.003950
0.003874
0.003816
0.003774
0.003743
0.003722
0.003711
0.003707
0.003711
0.003722
0.003743
0.003774
0.003816
0.003874
0.003950
0.004052
0.004192
0.004377
0.004617
0.004952
0.005438
0.006051
0.007015
0.008361
0.009857
0.012005
0.014193
0.015873
0.015904
0.013815
0.010982
0.008316
0.006386
0.005236
-0.087945
-0.092126
0.006416
0.008241
0.011161
0.015137
0.018083
0.018205
0.015861
0.012906
0.010410
0.008365
0.006873
0.005952
0.005246
0.004802
0.004454
0.004217
0.004048
0.003918
0.003821
0.003751
0.003699
0.003660
0.003632
0.003613
0.003601
0.003595
0.003595
0.003601
0.003613
0.003632
0.003660
0.003699
0.003751
0.003821
0.003918
0.004048
0.004217
0.004454
0.004802
0.005246
0.005952
0.006873
0.008365
0.010410
0.012906
0.015861
0.018205
0.018083
0.015137
0.011161
0.008241
0.006416
-0.092126
-0.098679
0.008531
0.011568
0.016310
0.020868
0.021313
0.018059
0.013767
0.010750
0.008291
0.006813
0.005745
0.005098
0.004614
0.004301
0.004064
0.003903
0.003788
0.003701
0.003637
0.003591
0.003558
0.003533
0.003516
0.003505
0.003499
0.003496
0.003499
0.003505
0.003516
0.003533
0.003558
0.003591
0.003637
0.003701
0.003788
0.003903
0.004064
0.004301
0.004614
0.005098
0.005745
0.006813
0.008291
0.010750
0.013767
0.018059
0.021313
0.020868
0.016310
0.011568
0.008531
-0.098679
-0.110308
0.012307
0.018068
0.025004
0.025812
0.020870
0.015117
0.010945
0.008260
0.006624
0.005601
0.004891
0.004454
0.004135
0.003924
0.003770
0.003665
0.003591
0.003535
0.003496
0.003468
0.003448
0.003434
0.003424
0.003418
0.003415
0.003415
0.003418
0.003424
0.003434
0.003448
0.003468
0.003496
0.003535
0.003591
0.003665
0.003770
0.003924
0.004135
0.004454
0.004891
0.005601
0.006624
0.008260
0.010945
0.015117
0.020870
0.025812
0.025004
0.018068
0.012307
-0.110308
-0.124024
0.021853
0.032170
0.032934
0.025027
0.016329
0.011164
0.008305
0.006448
0.005398
0.004733
0.004282
0.003997
0.003793
0.003657
0.003560
0.003494
0.003449
0.003416
0.003393
0.003377
0.003366
0.003359
0.003354
0.003352
0.003351
0.003352
0.003354
0.003359
0.003366
0.003377
0.003393
0.003416
0.003449
0.003494
0.003560
0.003657
0.003793
0.003997
0.004282
0.004733
0.005398
0.006448
0.008305
0.011164
0.016329
0.025027
0.032934
0.032170
0.021853
-0.124024
-0.271368
0.044283
0.046414
0.032190
0.018105
0.011599
0.008268
0.006404
0.005242
0.004586
0.004163
0.003881
0.003697
0.003567
0.003481
0.003421
0.003381
0.003354
0.003336
0.003323
0.003315
0.003310
0.003307
0.003305
0.003305
0.003305
0.003305
0.003307
0.003310
0.003315
0.003323
0.003336
0.003354
0.003381
0.003421
0.003481
0.003567
0.003697
0.003881
0.004163
0.004586
0.005242
0.006404
0.008268
0.011599
0.018105
0.032190
0.046414
0.044283
-0.271368
-0.044113
0.082284
0.044286
0.021876
0.012357
0.008582
0.006461
0.005274
0.004538
0.004108
0.003834
0.003646
0.003522
0.003436
0.003379
0.003341
0.003316
0.003301
0.003290
0.003284
0.003280
0.003278
0.003277
0.003276
0.003276
0.003276
0.003277
0.003278
0.003280
0.003284
0.003290
0.003301
0.003316
0.003341
0.003379
0.003436
0.003522
0.003646
0.003834
0.004108
0.004538
0.005274
0.006461
0.008582
0.012357
0.021876
0.044286
0.082284
-0.044113
-0.030454
0.003161
-0.000983
-0.001574
-0.001019
-0.000846
-0.000721
-0.000627
-0.000560
-0.000498
-0.000450
-0.000412
-0.000380
-0.000353
-0.000330
-0.000310
-0.000293
-0.000278
-0.000266
-0.000257
-0.000249
-0.000244
-0.000240
-0.000238
-0.000238
-0.000240
-0.000244
-0.000249
-0.000257
-0.000266
-0.000278
-0.000293
-0.000310
-0.000330
-0.000353
-0.000380
-0.000412
-0.000450
-0.000498
-0.000560
-0.000627
-0.000721
-0.000846
-0.001019
-0.001574
-0.000983
0.003161
-0.000000
